1            170650   ,
2            172000   ,
5            171110   ,
10           174250   ,
20           172790   ,
50           178010   ,
100          189000   ,
200          180070   ,
300          186250   ,
400          189710   ,
500          192330   ,
600          182360   ,
700          179720   ,
800          181850   ,
900          179740   ,
1000         180700   ,
2000         182200   ,
3000         182630   ,
4000         188280   ,
5000         202520   ,
6000         202530   ,
7000         203080   ,
8000         204060   ,
9000         206580   ,
10000        205390   ,
20000        207840   ,
30000        212260   ,
40000        218670   ,
50000        213320   ,
60000        219210   ,
70000        220230   ,
80000        216660   ,
90000        219480   ,
100000       221130   ,
200000       250970   ,
300000       237360   ,
400000       238670   ,
500000       244390   ,
600000       267070   ,
700000       245460   ,
800000       260300   ,
900000       240390   ,
1000000      233510   ,
2000000      244530   ,
3000000      246580   ,
4000000      359290   ,
5000000      371000   ,
6000000      469950   ,
7000000      4023900  ,
8000000      517170   ,
9000000      3106000  ,
10000000     2435800  ,
